0 3.4 -3.88125e-06 nan
0.05 3.39987 -0.00540324 -0.123655
0.1 3.39944 -0.0121022 -0.143137
0.15 3.39865 -0.0196446 -0.158016
0.2 3.39746 -0.0278653 -0.17047
0.25 3.39585 -0.0366665 -0.181339
0.3 3.39379 -0.045981 -0.191049
0.35 3.39125 -0.0557573 -0.199852
0.4 3.38821 -0.0659546 -0.207909
0.45 3.38465 -0.0765384 -0.215329
0.5 3.38055 -0.087479 -0.222193
0.55 3.3759 -0.0987501 -0.228558
0.6 3.37067 -0.110328 -0.23447
0.65 3.36486 -0.122191 -0.239963
0.7 3.35845 -0.134318 -0.245065
0.75 3.35143 -0.146691 -0.249798
0.8 3.34378 -0.159293 -0.25418
0.85 3.33549 -0.172104 -0.258226
0.9 3.32656 -0.18511 -0.26195
0.95 3.31698 -0.198294 -0.26536
1 3.30673 -0.211642 -0.268468
1.05 3.29582 -0.225137 -0.271279
1.1 3.28422 -0.238765 -0.273802
1.15 3.27194 -0.252512 -0.276042
1.2 3.25897 -0.266365 -0.278004
1.25 3.2453 -0.280308 -0.279693
1.3 3.23094 -0.29433 -0.281113
1.35 3.21587 -0.308415 -0.282268
1.4 3.2001 -0.322552 -0.283163
1.45 3.18361 -0.336727 -0.283799
1.5 3.16642 -0.350928 -0.284181
1.55 3.14852 -0.365141 -0.284312
1.6 3.12991 -0.379355 -0.284193
1.65 3.11059 -0.393556 -0.283829
1.7 3.09056 -0.407734 -0.283223
1.75 3.06982 -0.421875 -0.282376
1.8 3.04837 -0.435967 -0.281292
1.85 3.02622 -0.45 -0.279973
1.9 3.00338 -0.463961 -0.278422
1.95 2.97983 -0.477838 -0.276643
2 2.95559 -0.491621 -0.274638
2.05 2.93067 -0.505298 -0.272409
2.1 2.90507 -0.518858 -0.26996
2.15 2.87879 -0.53229 -0.267295
2.2 2.85184 -0.545584 -0.264415
2.25 2.82423 -0.558728 -0.261325
2.3 2.79597 -0.571712 -0.258027
2.35 2.76707 -0.584527 -0.254525
2.4 2.73753 -0.597161 -0.250822
2.45 2.70736 -0.609605 -0.246923
2.5 2.67657 -0.62185 -0.242829
2.55 2.64518 -0.633885 -0.238547
2.6 2.61319 -0.645701 -0.234078
2.65 2.58061 -0.657289 -0.229427
2.7 2.54746 -0.66864 -0.224598
2.75 2.51375 -0.679745 -0.219596
2.8 2.47949 -0.690596 -0.214424
2.85 2.4447 -0.701184 -0.209086
2.9 2.40938 -0.711502 -0.203588
2.95 2.37355 -0.72154 -0.197934
3 2.33723 -0.731292 -0.192127
3.05 2.30043 -0.74075 -0.186173
3.1 2.26316 -0.749906 -0.180077
3.15 2.22545 -0.758755 -0.173844
3.2 2.18729 -0.767288 -0.167477
3.25 2.14872 -0.7755 -0.160983
3.3 2.10975 -0.783384 -0.154367
3.35 2.07039 -0.790934 -0.147633
3.4 2.03066 -0.798144 -0.140787
3.45 1.99058 -0.80501 -0.133834
3.5 1.95017 -0.811525 -0.12678
3.55 1.90944 -0.817686 -0.11963
3.6 1.86841 -0.823486 -0.112389
3.65 1.82709 -0.828922 -0.105064
3.7 1.78552 -0.83399 -0.0976591
3.75 1.7437 -0.838686 -0.0901808
3.8 1.70166 -0.843007 -0.0826344
3.85 1.65941 -0.846948 -0.0750261
3.9 1.61697 -0.850508 -0.0673614
3.95 1.57436 -0.853683 -0.0596462
4 1.53161 -0.856471 -0.0518865
4.05 1.48872 -0.85887 -0.0440882
4.1 1.44573 -0.860878 -0.036257
4.15 1.40264 -0.862494 -0.0283993
4.2 1.35949 -0.863717 -0.0205208
4.25 1.31628 -0.864545 -0.0126275
4.3 1.27304 -0.864979 -0.00472546
4.35 1.22979 -0.865017 0.00317923
4.4 1.18654 -0.86466 0.0110808
4.45 1.14333 -0.863908 0.0189729
4.5 1.10016 -0.862762 0.0268496
4.55 1.05706 -0.861223 0.0347053
4.6 1.01404 -0.859291 0.0425333
4.65 0.971134 -0.856969 0.0503282
4.7 0.928352 -0.854258 0.0580837
4.75 0.885715 -0.851161 0.0657943
4.8 0.843242 -0.847679 0.0734536
4.85 0.800953 -0.843816 0.0810558
4.9 0.758866 -0.839574 0.0885952
4.95 0.717001 -0.834957 0.0960665
5 0.675376 -0.829968 0.103463
5.05 0.63401 -0.824611 0.11078
5.1 0.592921 -0.81889 0.118011
5.15 0.552126 -0.812811 0.125151
5.2 0.511645 -0.806376 0.132194
5.25 0.471494 -0.799592 0.139135
5.3 0.431691 -0.792464 0.145968
5.35 0.392253 -0.784997 0.152689
5.4 0.353196 -0.777196 0.159291
5.45 0.314538 -0.769069 0.16577
5.5 0.276294 -0.760621 0.172121
5.55 0.23848 -0.751858 0.178339
5.6 0.201112 -0.742788 0.184418
5.65 0.164205 -0.733418 0.190355
5.7 0.127774 -0.723755 0.196144
5.75 0.0918334 -0.713806 0.20178
5.8 0.0563971 -0.703579 0.20726
5.85 0.021479 -0.693082 0.212579
5.9 -0.0129078 -0.682323 0.217732
5.95 -0.0467502 -0.671311 0.222716
6 -0.0800359 -0.660054 0.227527
6.05 -0.112753 -0.648561 0.23216
6.1 -0.144889 -0.636841 0.236611
6.15 -0.176434 -0.624902 0.240878
6.2 -0.207377 -0.612755 0.244957
6.25 -0.237708 -0.600409 0.248844
6.3 -0.267416 -0.587874 0.252536
6.35 -0.296494 -0.575159 0.256029
6.4 -0.324931 -0.562274 0.259322
6.45 -0.35272 -0.54923 0.262411
6.5 -0.379852 -0.536036 0.265293
6.55 -0.406322 -0.522704 0.267965
6.6 -0.432122 -0.509243 0.270427
6.65 -0.457246 -0.495664 0.272674
6.7 -0.481688 -0.481979 0.274706
6.75 -0.505444 -0.468197 0.276519
6.8 -0.528508 -0.45433 0.278113
6.85 -0.550877 -0.440389 0.279486
6.9 -0.572547 -0.426385 0.280636
6.95 -0.593516 -0.412329 0.281563
7 -0.613781 -0.398233 0.282264
7.05 -0.63334 -0.384107 0.282738
7.1 -0.652192 -0.369963 0.282986
7.15 -0.670338 -0.355812 0.283006
7.2 -0.687775 -0.341666 0.282799
7.25 -0.704506 -0.327536 0.282362
7.3 -0.720531 -0.313433 0.281697
7.35 -0.735851 -0.29937 0.280804
7.4 -0.75047 -0.285357 0.279682
7.45 -0.764389 -0.271406 0.278332
7.5 -0.777613 -0.257528 0.276755
7.55 -0.790145 -0.243734 0.27495
7.6 -0.801989 -0.230037 0.27292
7.65 -0.813152 -0.216446 0.270664
7.7 -0.823637 -0.202974 0.268185
7.75 -0.833453 -0.189632 0.265483
7.8 -0.842604 -0.17643 0.26256
7.85 -0.851099 -0.16338 0.259417
7.9 -0.858946 -0.150492 0.256057
7.95 -0.866153 -0.137778 0.252482
8 -0.872728 -0.125248 0.248693
8.05 -0.878682 -0.112913 0.244692
8.1 -0.884024 -0.100783 0.240484
8.15 -0.888765 -0.0888681 0.236069
8.2 -0.892916 -0.0771795 0.231451
8.25 -0.896488 -0.0657268 0.226632
8.3 -0.899494 -0.05452 0.221617
8.35 -0.901946 -0.0435689 0.216407
8.4 -0.903856 -0.032883 0.211007
8.45 -0.90524 -0.0224719 0.205419
8.5 -0.906109 -0.0123448 0.199648
8.55 -0.90648 -0.00251071 0.193697
8.6 -0.906366 0.0070214 0.187571
8.65 -0.905784 0.0162429 0.181273
8.7 -0.904748 0.0251452 0.174807
8.75 -0.903276 0.0337202 0.168178
8.8 -0.901383 0.0419597 0.161391
8.85 -0.899086 0.0498561 0.15445
8.9 -0.896404 0.0574015 0.147359
8.95 -0.893353 0.0645888 0.140124
9 -0.889952 0.0714109 0.132749
9.05 -0.886219 0.0778608 0.12524
9.1 -0.882172 0.083932 0.117602
9.15 -0.877832 0.0896181 0.109839
9.2 -0.873218 0.0949131 0.101958
9.25 -0.868348 0.0998113 0.093964
9.3 -0.863244 0.104307 0.085862
9.35 -0.857925 0.108395 0.0776582
9.4 -0.852412 0.11207 0.0693582
9.45 -0.846725 0.115328 0.060968
9.5 -0.840886 0.118165 0.0524933
9.55 -0.834916 0.120576 0.04394
9.6 -0.828836 0.122557 0.0353143
9.65 -0.822668 0.124105 0.0266226
9.7 -0.816433 0.125217 0.0178705
9.75 -0.810153 0.12589 0.00906479
9.8 -0.803851 0.126122 0.000211564
9.85 -0.797548 0.12591 -0.00868283
9.9 -0.791267 0.125252 -0.017612
9.95 -0.785031 0.124147 -0.0265695
10 -0.77886 0.122594 -0.0355489
10.05 -0.772778 0.120591 -0.0445435
10.1 -0.766808 0.118139 -0.0535471
10.15 -0.760972 0.115236 -0.0625529
10.2 -0.755292 0.111883 -0.0715541
10.25 -0.749791 0.10808 -0.0805444
10.3 -0.744491 0.103827 -0.0895171
10.35 -0.739415 0.0991273 -0.0984656
10.4 -0.734585 0.0939805 -0.107384
10.45 -0.730024 0.0883887 -0.116264
10.5 -0.725753 0.082354 -0.1251
10.55 -0.721795 0.0758787 -0.133886
10.6 -0.718172 0.0689655 -0.142614
10.65 -0.714905 0.0616174 -0.151279
10.7 -0.712017 0.0538379 -0.159874
10.75 -0.709528 0.0456305 -0.168391
10.8 -0.70746 0.0369993 -0.176826
10.85 -0.705834 0.0279485 -0.185171
10.9 -0.704671 0.0184829 -0.19342
10.95 -0.703991 0.00860744 -0.201566
11 -0.703816 -0.00167268 -0.209604
11.05 -0.704164 -0.0123518 -0.217527
11.1 -0.705057 -0.0234242 -0.225329
11.15 -0.706512 -0.0348834 -0.233004
11.2 -0.70855 -0.0467231 -0.240546
11.25 -0.711189 -0.0589365 -0.247949
11.3 -0.714449 -0.0715163 -0.255207
11.35 -0.718346 -0.0844554 -0.262314
11.4 -0.722899 -0.0977459 -0.269265
11.45 -0.728125 -0.11138 -0.276055
11.5 -0.734041 -0.125349 -0.282676
11.55 -0.740664 -0.139645 -0.289125
11.6 -0.748009 -0.154259 -0.295396
11.65 -0.756093 -0.169182 -0.301483
11.7 -0.764931 -0.184405 -0.307382
11.75 -0.774537 -0.199918 -0.313088
11.8 -0.784926 -0.215711 -0.318596
11.85 -0.796111 -0.231775 -0.3239
11.9 -0.808106 -0.248098 -0.328998
11.95 -0.820923 -0.264671 -0.333883
12 -0.834576 -0.281483 -0.338552
12.05 -0.849074 -0.298523 -0.343001
12.1 -0.86443 -0.31578 -0.347225
12.15 -0.880654 -0.333242 -0.351221
12.2 -0.897755 -0.350899 -0.354985
12.25 -0.915745 -0.368737 -0.358513
12.3 -0.93463 -0.386746 -0.361802
12.35 -0.95442 -0.404914 -0.364848
12.4 -0.975122 -0.423227 -0.367649
12.45 -0.996743 -0.441675 -0.370201
12.5 -1.01929 -0.460244 -0.372501
12.55 -1.04277 -0.478921 -0.374548
12.6 -1.06718 -0.497694 -0.376338
12.65 -1.09254 -0.516551 -0.377869
12.7 -1.11884 -0.535477 -0.379139
12.75 -1.14608 -0.55446 -0.380146
12.8 -1.17428 -0.573487 -0.380888
12.85 -1.20343 -0.592545 -0.381363
12.9 -1.23353 -0.611619 -0.381571
12.95 -1.26459 -0.630697 -0.381509
13 -1.2966 -0.649765 -0.381177
13.05 -1.32956 -0.66881 -0.380574
13.1 -1.36348 -0.687818 -0.379699
13.15 -1.39834 -0.706776 -0.378551
13.2 -1.43415 -0.725669 -0.37713
13.25 -1.47091 -0.744484 -0.375437
13.3 -1.5086 -0.763208 -0.37347
13.35 -1.54722 -0.781826 -0.37123
13.4 -1.58678 -0.800326 -0.368718
13.45 -1.62725 -0.818693 -0.365934
13.5 -1.66864 -0.836914 -0.362878
13.55 -1.71094 -0.854976 -0.359552
13.6 -1.75414 -0.872865 -0.355957
13.65 -1.79822 -0.890567 -0.352095
13.7 -1.84319 -0.908069 -0.347966
13.75 -1.88902 -0.925359 -0.343572
13.8 -1.93572 -0.942422 -0.338915
13.85 -1.98326 -0.959245 -0.333997
13.9 -2.03164 -0.975817 -0.328821
13.95 -2.08084 -0.992123 -0.323389
14 -2.13084 -1.00815 -0.317703
14.05 -2.18164 -1.02389 -0.311766
14.1 -2.23323 -1.03932 -0.305581
14.15 -2.28557 -1.05444 -0.299151
14.2 -2.33866 -1.06923 -0.29248
14.25 -2.39249 -1.08368 -0.285571
14.3 -2.44702 -1.09779 -0.278427
14.35 -2.50226 -1.11152 -0.271052
14.4 -2.55817 -1.12489 -0.263451
14.45 -2.61474 -1.13786 -0.255627
14.5 -2.67195 -1.15044 -0.247585
14.55 -2.72977 -1.16262 -0.239329
14.6 -2.7882 -1.17437 -0.230864
14.65 -2.8472 -1.1857 -0.222194
14.7 -2.90676 -1.19659 -0.213324
14.75 -2.96685 -1.20703 -0.20426
14.8 -3.02746 -1.21701 -0.195006
14.85 -3.08855 -1.22652 -0.185568
14.9 -3.1501 -1.23556 -0.175951
14.95 -3.21209 -1.24412 -0.166162
15 -3.2745 -1.25218 -0.156205
15.05 -3.3373 -1.25973 -0.146087
15.1 -3.40047 -1.26678 -0.135813
15.15 -3.46397 -1.27331 -0.12539
15.2 -3.52779 -1.27932 -0.114823
15.25 -3.59189 -1.28479 -0.10412
15.3 -3.65626 -1.28972 -0.0932867
15.35 -3.72086 -1.29412 -0.0823292
15.4 -3.78566 -1.29795 -0.0712546
15.45 -3.85064 -1.30124 -0.0600695
15.5 -3.91577 -1.30396 -0.048781
15.55 -3.98103 -1.30611 -0.0373954
15.6 -4.04637 -1.3077 -0.0259201
15.65 -4.11179 -1.3087 -0.0143622
15.7 -4.17724 -1.30913 -0.00272884
15.75 -4.24269 -1.30897 0.00897238
15.8 -4.30812 -1.30823 0.0207352
15.85 -4.3735 -1.3069 0.0325514
15.9 -4.4388 -1.30497 0.0444137
15.95 -4.50399 -1.30245 0.0563151
16 -4.56904 -1.29934 0.0682476
16.05 -4.63392 -1.29563 0.0802043
16.1 -4.69859 -1.29132 0.0921766
16.15 -4.76304 -1.28641 0.104158
16.2 -4.82722 -1.2809 0.11614
16.25 -4.89112 -1.27479 0.128115
16.3 -4.95469 -1.26809 0.140076
16.35 -5.01792 -1.26079 0.152016
16.4 -5.08076 -1.25289 0.163925
16.45 -5.1432 -1.24439 0.175797
16.5 -5.20519 -1.23531 0.187624
16.55 -5.26672 -1.22563 0.199398
16.6 -5.32775 -1.21537 0.211112
16.65 -5.38825 -1.20452 0.222757
16.7 -5.44819 -1.19309 0.234328
16.75 -5.50755 -1.18109 0.245815
16.8 -5.56629 -1.16851 0.257211
16.85 -5.62439 -1.15537 0.268509
16.9 -5.68182 -1.14166 0.279701
16.95 -5.73855 -1.1274 0.290781
17 -5.79455 -1.11258 0.301739
17.05 -5.8498 -1.09722 0.31257
17.1 -5.90427 -1.08133 0.323267
17.15 -5.95792 -1.0649 0.333821
17.2 -6.01075 -1.04795 0.344225
17.25 -6.06271 -1.03048 0.354474
17.3 -6.11379 -1.0125 0.36456
17.35 -6.16396 -0.994022 0.374475
17.4 -6.21319 -0.975054 0.384214
17.45 -6.26145 -0.955603 0.39377
17.5 -6.30874 -0.935679 0.403136
17.55 -6.35502 -0.915292 0.412305
17.6 -6.40026 -0.894451 0.421272
17.65 -6.44446 -0.873167 0.430031
17.7 -6.48758 -0.851451 0.438574
17.75 -6.5296 -0.829313 0.446897
17.8 -6.5705 -0.806764 0.454993
17.85 -6.61027 -0.783816 0.462857
17.9 -6.64888 -0.760482 0.470483
17.95 -6.68631 -0.736771 0.477866
18 -6.72255 -0.712698 0.485001
18.05 -6.75758 -0.688275 0.491882
18.1 -6.79138 -0.663514 0.498504
18.15 -6.82393 -0.638428 0.504863
18.2 -6.85522 -0.613031 0.510955
18.25 -6.88523 -0.587337 0.516773
18.3 -6.91395 -0.561358 0.522316
18.35 -6.94136 -0.535109 0.527576
18.4 -6.96746 -0.508605 0.532553
18.45 -6.99222 -0.481858 0.53724
18.5 -7.01564 -0.454885 0.541636
18.55 -7.03771 -0.427699 0.545735
18.6 -7.05841 -0.400316 0.549536
18.65 -7.07774 -0.37275 0.553035
18.7 -7.09569 -0.345017 0.556228
18.75 -7.11224 -0.317132 0.559115
18.8 -7.1274 -0.289111 0.561691
18.85 -7.14115 -0.260968 0.563955
18.9 -7.1535 -0.23272 0.565904
18.95 -7.16443 -0.204383 0.567537
19 -7.17394 -0.175972 0.568852
19.05 -7.18203 -0.147503 0.569848
19.1 -7.18869 -0.118992 0.570522
19.15 -7.19393 -0.090456 0.570875
19.2 -7.19774 -0.0619102 0.570905
19.25 -7.20012 -0.0333709 0.570612
19.3 -7.20108 -0.00485446 0.569994
19.35 -7.20061 0.023623 0.569052
19.4 -7.19872 0.0520453 0.567786
19.45 -7.19541 0.0803961 0.566196
19.5 -7.19069 0.108659 0.564282
19.55 -7.18455 0.136819 0.562045
19.6 -7.17701 0.164858 0.559486
19.65 -7.16807 0.192762 0.556605
19.7 -7.15774 0.220513 0.553404
19.75 -7.14602 0.248096 0.549884
19.8 -7.13293 0.275496 0.546048
19.85 -7.11848 0.302695 0.541895
19.9 -7.10267 0.32968 0.537429
19.95 -7.08552 0.356433 0.532653
20 -7.06703 0.382939 0.527568
20.05 -7.04723 0.409184 0.522177
20.1 -7.02612 0.435151 0.516483
20.15 -7.00372 0.460827 0.510488
20.2 -6.98005 0.486195 0.504197
20.25 -6.95511 0.511241 0.497613
20.3 -6.92893 0.53595 0.490739
20.35 -6.90153 0.560309 0.483579
20.4 -6.87291 0.584303 0.476137
20.45 -6.8431 0.607918 0.468418
20.5 -6.81213 0.631139 0.460425
20.55 -6.78 0.653955 0.452164
20.6 -6.74674 0.676351 0.443639
20.65 -6.71237 0.698314 0.434856
20.7 -6.67692 0.719831 0.425818
20.75 -6.6404 0.74089 0.416532
20.8 -6.60284 0.761479 0.407003
20.85 -6.56426 0.781586 0.397237
20.9 -6.52469 0.801198 0.387239
20.95 -6.48415 0.820305 0.377015
21 -6.44267 0.838895 0.366573
21.05 -6.40027 0.856957 0.355917
21.1 -6.35699 0.874482 0.345054
21.15 -6.31284 0.891458 0.333991
21.2 -6.26785 0.907877 0.322734
21.25 -6.22206 0.923728 0.311291
21.3 -6.17549 0.939002 0.299668
21.35 -6.12817 0.95369 0.287873
21.4 -6.08013 0.967785 0.275912
21.45 -6.0314 0.981278 0.263793
21.5 -5.98202 0.994161 0.251524
21.55 -5.932 1.00643 0.239111
21.6 -5.88139 1.01807 0.226563
21.65 -5.8302 1.02908 0.213888
21.7 -5.77849 1.03945 0.201093
21.75 -5.72627 1.04919 0.188187
21.8 -5.67358 1.05827 0.175176
21.85 -5.62046 1.0667 0.162071
21.9 -5.56692 1.07447 0.148877
21.95 -5.51302 1.08159 0.135605
22 -5.45878 1.08803 0.122262
22.05 -5.40423 1.09381 0.108857
22.1 -5.34941 1.09892 0.0953971
22.15 -5.29435 1.10335 0.0818927
22.2 -5.23908 1.1071 0.0683515
22.25 -5.18365 1.11018 0.0547816
22.3 -5.12808 1.11258 0.0411921
22.35 -5.0724 1.1143 0.0275918
22.4 -5.01666 1.11534 0.013989
22.45 -4.96088 1.1157 0.00039293
22.5 -4.9051 1.11537 -0.0131887
22.55 -4.84936 1.11438 -0.0267464
22.6 -4.79368 1.1127 -0.0402714
22.65 -4.7381 1.11035 -0.0537558
22.7 -4.68265 1.10732 -0.06719
22.75 -4.62737 1.10363 -0.0805658
22.8 -4.5723 1.09927 -0.0938746
22.85 -4.51746 1.09424 -0.107108
22.9 -4.46289 1.08856 -0.120257
22.95 -4.40861 1.08222 -0.133313
23 -4.35467 1.07522 -0.146268
23.05 -4.3011 1.06759 -0.159113
23.1 -4.24793 1.05931 -0.17184
23.15 -4.19518 1.05041 -0.184441
23.2 -4.14289 1.04087 -0.196907
23.25 -4.0911 1.03072 -0.209231
23.3 -4.03983 1.01995 -0.221403
23.35 -3.98912 1.00858 -0.233417
23.4 -3.93898 0.996609 -0.245264
23.45 -3.88946 0.984053 -0.256937
23.5 -3.84059 0.970918 -0.268426
23.55 -3.79238 0.957212 -0.279727
23.6 -3.74487 0.942947 -0.290829
23.65 -3.69809 0.928132 -0.301727
23.7 -3.65207 0.912777 -0.312413
23.75 -3.60682 0.896893 -0.322879
23.8 -3.56238 0.880492 -0.333119
23.85 -3.51878 0.863584 -0.343127
23.9 -3.47603 0.846182 -0.352894
23.95 -3.43417 0.828298 -0.362415
24 -3.39321 0.809944 -0.371682
24.05 -3.35318 0.791133 -0.380691
24.1 -3.3141 0.771878 -0.389435
24.15 -3.276 0.752193 -0.397907
24.2 -3.23889 0.732091 -0.406102
24.25 -3.20279 0.711587 -0.414014
24.3 -3.16773 0.690694 -0.421638
24.35 -3.13373 0.669427 -0.428969
24.4 -3.10079 0.647801 -0.436001
24.45 -3.06895 0.625831 -0.442729
24.5 -3.03821 0.603533 -0.44915
24.55 -3.0086 0.580921 -0.455257
24.6 -2.98012 0.558012 -0.461048
24.65 -2.9528 0.534821 -0.466517
24.7 -2.92664 0.511365 -0.471661
24.75 -2.90167 0.48766 -0.476476
24.8 -2.87788 0.463723 -0.480959
24.85 -2.8553 0.439569 -0.485106
24.9 -2.83392 0.415217 -0.488914
24.95 -2.81377 0.390683 -0.49238
25 -2.79486 0.365985 -0.495502
25.05 -2.77718 0.341138 -0.498277
25.1 -2.76074 0.316162 -0.500703
25.15 -2.74556 0.291074 -0.502778
25.2 -2.73163 0.26589 -0.5045
25.25 -2.71897 0.24063 -0.505867
25.3 -2.70757 0.215309 -0.506879
25.35 -2.69744 0.189948 -0.507533
25.4 -2.68857 0.164562 -0.50783
25.45 -2.68098 0.139171 -0.507768
25.5 -2.67465 0.113791 -0.507347
25.55 -2.6696 0.0884419 -0.506567
25.6 -2.6658 0.0631406 -0.505429
25.65 -2.66328 0.0379051 -0.503931
25.7 -2.66201 0.0127536 -0.502076
25.75 -2.662 -0.0122962 -0.499862
25.8 -2.66324 -0.0372264 -0.497292
25.85 -2.66572 -0.0620193 -0.494367
25.9 -2.66943 -0.086657 -0.491088
25.95 -2.67438 -0.111122 -0.487457
26 -2.68054 -0.135396 -0.483475
26.05 -2.68791 -0.159463 -0.479146
26.1 -2.69648 -0.183305 -0.474471
26.15 -2.70623 -0.206904 -0.469452
26.2 -2.71716 -0.230244 -0.464093
26.25 -2.72925 -0.253307 -0.458396
26.3 -2.74249 -0.276077 -0.452366
26.35 -2.75685 -0.298538 -0.446005
26.4 -2.77233 -0.320672 -0.439317
26.45 -2.78891 -0.342463 -0.432306
26.5 -2.80657 -0.363896 -0.424976
26.55 -2.82529 -0.384955 -0.417332
26.6 -2.84506 -0.405623 -0.409378
26.65 -2.86585 -0.425887 -0.401119
26.7 -2.88764 -0.445729 -0.392559
26.75 -2.91041 -0.465137 -0.383705
26.8 -2.93414 -0.484094 -0.374561
26.85 -2.95881 -0.502587 -0.365133
26.9 -2.98439 -0.520602 -0.355427
26.95 -3.01086 -0.538124 -0.345448
27 -3.03819 -0.555141 -0.335204
27.05 -3.06636 -0.571639 -0.324699
27.1 -3.09535 -0.587606 -0.313941
27.15 -3.12511 -0.603028 -0.302937
27.2 -3.15564 -0.617894 -0.291692
27.25 -3.18689 -0.632193 -0.280215
27.3 -3.21885 -0.645911 -0.268513
27.35 -3.25147 -0.659039 -0.256592
27.4 -3.28474 -0.671566 -0.244461
27.45 -3.31862 -0.683481 -0.232127
27.5 -3.35308 -0.694774 -0.219597
27.55 -3.38808 -0.705436 -0.206879
27.6 -3.42361 -0.715457 -0.193982
27.65 -3.45962 -0.72483 -0.180914
27.7 -3.49608 -0.733545 -0.167684
27.75 -3.53296 -0.741594 -0.154298
27.8 -3.57023 -0.748971 -0.140768
27.85 -3.60784 -0.755667 -0.1271
27.9 -3.64578 -0.761677 -0.113303
27.95 -3.684 -0.766994 -0.0993865
28 -3.72247 -0.771613 -0.0853603
28.05 -3.76115 -0.775527 -0.0712313
28.1 -3.80001 -0.778733 -0.0570106
28.15 -3.83901 -0.781225 -0.0427065
28.2 -3.87812 -0.783001 -0.0283286
28.25 -3.9173 -0.784056 -0.0138853
28.3 -3.95651 -0.784387 0.000612488
28.35 -3.99572 -0.783992 0.0151569
28.4 -4.0349 -0.782869 0.0297383
28.45 -4.074 -0.781017 0.0443455
28.5 -4.11299 -0.778433 0.0589704
28.55 -4.15183 -0.775118 0.0736028
28.6 -4.19049 -0.771071 0.0882334
28.65 -4.22893 -0.766293 0.102852
28.7 -4.26711 -0.760785 0.117451
28.75 -4.30499 -0.754547 0.132018
28.8 -4.34255 -0.747582 0.146545
28.85 -4.37974 -0.739892 0.161023
28.9 -4.41653 -0.73148 0.175441
28.95 -4.45288 -0.722348 0.189789
29 -4.48875 -0.712501 0.204059
29.05 -4.52412 -0.701942 0.21824
29.1 -4.55894 -0.690677 0.232324
29.15 -4.59317 -0.67871 0.246301
29.2 -4.6268 -0.666047 0.260161
29.25 -4.65977 -0.652694 0.273896
29.3 -4.69206 -0.638658 0.287496
29.35 -4.72362 -0.623946 0.300951
29.4 -4.75444 -0.608565 0.314252
29.45 -4.78447 -0.592522 0.327392
29.5 -4.81368 -0.575827 0.34036
29.55 -4.84204 -0.558488 0.353148
29.6 -4.86952 -0.540514 0.365747
29.65 -4.89609 -0.521915 0.378149
29.7 -4.92171 -0.502701 0.390344
29.75 -4.94635 -0.482883 0.402325
29.8 -4.96999 -0.462471 0.414084
29.85 -4.99259 -0.441477 0.42561
29.9 -5.01413 -0.419913 0.436899
29.95 -5.03457 -0.397791 0.447941
30 -5.0539 -0.375122 0.458728
30.05 -5.07208 -0.351921 0.469252
30.1 -5.08908 -0.3282 0.479508
30.15 -5.10489 -0.303974 0.489487
30.2 -5.11948 -0.279255 0.499181
30.25 -5.13281 -0.25406 0.508586
30.3 -5.14488 -0.228401 0.517691
30.35 -5.15565 -0.202295 0.526493
30.4 -5.1651 -0.175756 0.534985
30.45 -5.17322 -0.148801 0.54316
30.5 -5.17998 -0.121445 0.551011
30.55 -5.18536 -0.0937042 0.558535
30.6 -5.18935 -0.065596 0.565723
30.65 -5.19192 -0.0371369 0.572572
30.7 -5.19306 -0.00834389 0.579075
30.75 -5.19275 0.0207655 0.585231
30.8 -5.19098 0.0501738 0.591029
30.85 -5.18773 0.0798631 0.59647
30.9 -5.18299 0.109815 0.601547
30.95 -5.17675 0.140012 0.606256
31 -5.16899 0.170435 0.610593
31.05 -5.1597 0.201066 0.614555
31.1 -5.14888 0.231885 0.618138
31.15 -5.13651 0.262873 0.621339
31.2 -5.12259 0.294013 0.624156
31.25 -5.10711 0.325283 0.626585
31.3 -5.09007 0.356665 0.628624
31.35 -5.07145 0.388139 0.630271
31.4 -5.05126 0.419685 0.631524
31.45 -5.02948 0.451285 0.63238
31.5 -5.00613 0.482917 0.632839
31.55 -4.98119 0.514562 0.632899
31.6 -4.95468 0.5462 0.63256
31.65 -4.92658 0.577811 0.63182
31.7 -4.8969 0.609375 0.63068
31.75 -4.86564 0.640872 0.629138
31.8 -4.83282 0.672282 0.627196
31.85 -4.79842 0.703585 0.624853
31.9 -4.76246 0.734761 0.622109
31.95 -4.72495 0.765789 0.618966
32 -4.68589 0.79665 0.615425
32.05 -4.64529 0.827325 0.611487
32.1 -4.60316 0.857792 0.607153
32.15 -4.55952 0.888033 0.602426
32.2 -4.51437 0.918028 0.597307
32.25 -4.46772 0.947757 0.5918
32.3 -4.4196 0.977201 0.585904
32.35 -4.37001 1.00634 0.579626
32.4 -4.31898 1.03516 0.572967
32.45 -4.26651 1.06363 0.565931
32.5 -4.21262 1.09174 0.558521
32.55 -4.15734 1.11947 0.55074
32.6 -4.10068 1.14681 0.542594
32.65 -4.04267 1.17373 0.534086
32.7 -3.98332 1.20021 0.525221
32.75 -3.92266 1.22624 0.516004
32.8 -3.86071 1.2518 0.506439
32.85 -3.79749 1.27688 0.496533
32.9 -3.73303 1.30145 0.486289
32.95 -3.66735 1.3255 0.475716
33 -3.60049 1.34902 0.464815
33.05 -3.53246 1.37198 0.453597
33.1 -3.4633 1.39437 0.442066
33.15 -3.39304 1.41618 0.430229
33.2 -3.3217 1.43739 0.418093
33.25 -3.24931 1.45798 0.405664
33.3 -3.17591 1.47795 0.392949
33.35 -3.10153 1.49727 0.379956
33.4 -3.0262 1.51594 0.366694
33.45 -2.94995 1.53393 0.353168
33.5 -2.87282 1.55125 0.339387
33.55 -2.79484 1.56787 0.32536
33.6 -2.71604 1.58378 0.311093
33.65 -2.63647 1.59897 0.296597
33.7 -2.55616 1.61343 0.281878
33.75 -2.47514 1.62715 0.266947
33.8 -2.39346 1.64012 0.251812
33.85 -2.31115 1.65233 0.236481
33.9 -2.22824 1.66377 0.220963
33.95 -2.14478 1.67442 0.205269
34 -2.06081 1.68429 0.189408
34.05 -1.97637 1.69336 0.173388
34.1 -1.89149 1.70162 0.157221
34.15 -1.80622 1.70908 0.140914
34.2 -1.7206 1.71571 0.124479
34.25 -1.63466 1.72152 0.107924
34.3 -1.54846 1.7265 0.0912614
34.35 -1.46203 1.73064 0.0744995
34.4 -1.37541 1.73395 0.0576491
34.45 -1.28865 1.73641 0.0407194
34.5 -1.20178 1.73802 0.0237223
34.55 -1.11486 1.73878 0.00666747
34.6 -1.02792 1.73868 -0.0104352
34.65 -0.941007 1.73773 -0.0275743
34.7 -0.854162 1.73592 -0.0447398
34.75 -0.767429 1.73325 -0.061921
34.8 -0.68085 1.72973 -0.0791079
34.85 -0.59447 1.72534 -0.0962892
34.9 -0.50833 1.7201 -0.113455
34.95 -0.422474 1.71399 -0.130594
35 -0.336944 1.70704 -0.147696
35.05 -0.251784 1.69922 -0.16475
35.1 -0.167035 1.69056 -0.181746
35.15 -0.0827411 1.68105 -0.198674
35.2 0.00105652 1.67069 -0.215521
35.25 0.0843153 1.6595 -0.232279
35.3 0.166993 1.64746 -0.248937
35.35 0.249049 1.6346 -0.265485
35.4 0.330441 1.62092 -0.281911
35.45 0.411129 1.60641 -0.298206
35.5 0.491071 1.5911 -0.314359
35.55 0.570227 1.57498 -0.330361
35.6 0.648557 1.55806 -0.346202
35.65 0.726021 1.54036 -0.36187
35.7 0.802581 1.52188 -0.377357
35.75 0.878198 1.50262 -0.392653
35.8 0.952833 1.48261 -0.407748
35.85 1.02645 1.46185 -0.422633
35.9 1.09901 1.44035 -0.437297
35.95 1.17047 1.41812 -0.451732
36 1.24081 1.39518 -0.465929
36.05 1.30998 1.37153 -0.479878
36.1 1.37796 1.3472 -0.493571
36.15 1.44469 1.32218 -0.506999
36.2 1.51016 1.2965 -0.520153
36.25 1.57434 1.27017 -0.533025
36.3 1.63717 1.2432 -0.545607
36.35 1.69865 1.21561 -0.55789
36.4 1.75873 1.18742 -0.569867
36.45 1.81738 1.15863 -0.581529
36.5 1.87458 1.12927 -0.592871
36.55 1.9303 1.09935 -0.603883
36.6 1.98451 1.06888 -0.614558
36.65 2.03719 1.03789 -0.624891
36.7 2.0883 1.0064 -0.634873
36.75 2.13782 0.974413 -0.6445
36.8 2.18573 0.941954 -0.653763
36.85 2.23201 0.909041 -0.662658
36.9 2.27663 0.875694 -0.671178
36.95 2.31958 0.841929 -0.679318
37 2.36082 0.807767 -0.687072
37.05 2.40035 0.773228 -0.694434
37.1 2.43814 0.73833 -0.701402
37.15 2.47418 0.703094 -0.707968
37.2 2.50845 0.667539 -0.714129
37.25 2.54093 0.631687 -0.719881
37.3 2.57162 0.595557 -0.72522
37.35 2.60049 0.559171 -0.730142
37.4 2.62754 0.52255 -0.734643
37.45 2.65274 0.485714 -0.738721
37.5 2.67611 0.448684 -0.742373
37.55 2.69761 0.411483 -0.745595
37.6 2.71726 0.374132 -0.748386
37.65 2.73503 0.336652 -0.750744
37.7 2.75092 0.299064 -0.752666
37.75 2.76494 0.261392 -0.754151
37.8 2.77707 0.223656 -0.755197
37.85 2.78731 0.18588 -0.755804
37.9 2.79566 0.148083 -0.755972
37.95 2.80212 0.11029 -0.755698
38 2.80669 0.0725209 -0.754984
38.05 2.80937 0.0347988 -0.753829
38.1 2.81018 -0.00285448 -0.752234
38.15 2.80909 -0.040417 -0.750198
38.2 2.80614 -0.0778668 -0.747725
38.25 2.80131 -0.115182 -0.744813
38.3 2.79463 -0.152341 -0.741465
38.35 2.78609 -0.189321 -0.737684
38.4 2.7757 -0.226101 -0.733469
38.45 2.76348 -0.26266 -0.728824
38.5 2.74944 -0.298976 -0.723752
38.55 2.73359 -0.335028 -0.718255
38.6 2.71595 -0.370794 -0.712336
38.65 2.69652 -0.406254 -0.705999
38.7 2.67533 -0.441386 -0.699247
38.75 2.65239 -0.476171 -0.692085
38.8 2.62773 -0.510587 -0.684516
38.85 2.60135 -0.544615 -0.676545
38.9 2.57327 -0.578234 -0.668176
38.95 2.54353 -0.611425 -0.659415
39 2.51214 -0.644168 -0.650266
39.05 2.47913 -0.676444 -0.640736
39.1 2.44451 -0.708235 -0.630829
39.15 2.40831 -0.73952 -0.620552
39.2 2.37057 -0.770283 -0.60991
39.25 2.3313 -0.800504 -0.598912
39.3 2.29053 -0.830167 -0.587561
39.35 2.24829 -0.859253 -0.575867
39.4 2.20462 -0.887747 -0.563836
39.45 2.15953 -0.91563 -0.551474
39.5 2.11307 -0.942888 -0.538791
39.55 2.06526 -0.969503 -0.525792
39.6 2.01613 -0.99546 -0.512487
39.65 1.96573 -1.02075 -0.498884
39.7 1.91407 -1.04534 -0.48499
39.75 1.8612 -1.06924 -0.470815
39.8 1.80716 -1.09242 -0.456366
39.85 1.75198 -1.11487 -0.441654
39.9 1.69569 -1.13658 -0.426686
39.95 1.63833 -1.15753 -0.411474
40 1.57995 -1.17772 -0.396024
40.05 1.52058 -1.19713 -0.380348
40.1 1.46025 -1.21575 -0.364454
40.15 1.39902 -1.23357 -0.348353
40.2 1.33691 -1.25058 -0.332056
40.25 1.27398 -1.26677 -0.315571
40.3 1.21025 -1.28213 -0.298909
40.35 1.14578 -1.29666 -0.282081
40.4 1.0806 -1.31034 -0.265097
40.45 1.01476 -1.32316 -0.247967
40.5 0.948299 -1.33513 -0.230703
40.55 0.881262 -1.34623 -0.213315
40.6 0.813692 -1.35646 -0.195815
40.65 0.745632 -1.36581 -0.178212
40.7 0.677127 -1.37427 -0.160518
40.75 0.60822 -1.38186 -0.142745
40.8 0.538957 -1.38855 -0.124903
40.85 0.469381 -1.39434 -0.107003
40.9 0.399538 -1.39924 -0.0890579
40.95 0.329472 -1.40325 -0.0710777
41 0.259229 -1.40635 -0.0530739
41.05 0.188852 -1.40855 -0.0350584
41.1 0.118389 -1.40985 -0.0170418
41.15 0.0478822 -1.41025 0.000963718
41.2 -0.0226219 -1.40976 0.0189468
41.25 -0.0930785 -1.40836 0.0368966
41.3 -0.163443 -1.40606 0.0548012
41.35 -0.23367 -1.40288 0.0726494
41.4 -0.303716 -1.3988 0.0904301
41.45 -0.373536 -1.39383 0.108132
41.5 -0.443085 -1.38799 0.125743
41.55 -0.512321 -1.38126 0.143252
41.6 -0.581198 -1.37366 0.160649
41.65 -0.649673 -1.3652 0.177922
41.7 -0.717704 -1.35587 0.19506
41.75 -0.785247 -1.34569 0.212051
41.8 -0.85226 -1.33466 0.228887
41.85 -0.9187 -1.3228 0.245554
41.9 -0.984527 -1.31011 0.262043
41.95 -1.0497 -1.2966 0.278343
42 -1.11418 -1.28228 0.294444
42.05 -1.17791 -1.26716 0.310334
42.1 -1.24088 -1.25125 0.326005
42.15 -1.30303 -1.23456 0.341445
42.2 -1.36432 -1.2171 0.356645
42.25 -1.42473 -1.1989 0.371595
42.3 -1.4842 -1.17995 0.386285
42.35 -1.54271 -1.16027 0.400706
42.4 -1.60022 -1.13988 0.414848
42.45 -1.65669 -1.11879 0.428702
42.5 -1.71209 -1.09701 0.442259
42.55 -1.76638 -1.07457 0.455509
42.6 -1.81954 -1.05147 0.468446
42.65 -1.87152 -1.02773 0.481059
42.7 -1.9223 -1.00337 0.493342
42.75 -1.97185 -0.978398 0.505284
42.8 -2.02014 -0.952842 0.51688
42.85 -2.06713 -0.926715 0.52812
42.9 -2.1128 -0.900035 0.538998
42.95 -2.15713 -0.87282 0.549506
43 -2.20008 -0.845089 0.559638
43.05 -2.24163 -0.816862 0.569386
43.1 -2.28176 -0.788156 0.578744
43.15 -2.32044 -0.758993 0.587706
43.2 -2.35765 -0.729391 0.596266
43.25 -2.39337 -0.699372 0.604418
43.3 -2.42759 -0.668956 0.612156
43.35 -2.46027 -0.638163 0.619475
43.4 -2.4914 -0.607015 0.62637
43.45 -2.52097 -0.575532 0.632836
43.5 -2.54895 -0.543737 0.63887
43.55 -2.57534 -0.511652 0.644466
43.6 -2.60011 -0.479298 0.649621
43.65 -2.62327 -0.446697 0.65433
43.7 -2.64478 -0.413872 0.658592
43.75 -2.66465 -0.380845 0.662402
43.8 -2.68287 -0.347639 0.665757
43.85 -2.69942 -0.314276 0.668655
43.9 -2.7143 -0.280781 0.671095
43.95 -2.7275 -0.247174 0.673074
44 -2.73902 -0.213481 0.67459
44.05 -2.74885 -0.179723 0.675641
44.1 -2.75699 -0.145924 0.676228
44.15 -2.76344 -0.112108 0.676349
44.2 -2.76821 -0.0782971 0.676003
44.25 -2.77128 -0.0445154 0.67519
44.3 -2.77266 -0.010786 0.673911
44.35 -2.77236 0.0228678 0.672166
44.4 -2.77038 0.0564227 0.669956
44.45 -2.76672 0.0898554 0.667281
44.5 -2.7614 0.123143 0.664143
44.55 -2.75442 0.156262 0.660543
44.6 -2.74578 0.189189 0.656484
44.65 -2.7355 0.221902 0.651967
44.7 -2.7236 0.254378 0.646995
44.75 -2.71007 0.286593 0.64157
44.8 -2.69495 0.318527 0.635697
44.85 -2.67823 0.350155 0.629378
44.9 -2.65994 0.381457 0.622616
44.95 -2.64009 0.412409 0.615417
45 -2.61871 0.44299 0.607783
45.05 -2.5958 0.473179 0.599719
45.1 -2.5714 0.502954 0.59123
45.15 -2.54552 0.532294 0.582322
45.2 -2.51818 0.561179 0.572999
45.25 -2.48941 0.589587 0.563267
45.3 -2.45923 0.617498 0.553132
45.35 -2.42767 0.644892 0.5426
45.4 -2.39476 0.67175 0.531677
45.45 -2.36051 0.698052 0.52037
45.5 -2.32496 0.72378 0.508686
45.55 -2.28814 0.748914 0.496632
45.6 -2.25008 0.773436 0.484215
45.65 -2.21081 0.797328 0.471443
45.7 -2.17036 0.820573 0.458324
45.75 -2.12877 0.843153 0.444865
45.8 -2.08606 0.865052 0.431075
45.85 -2.04228 0.886254 0.416963
45.9 -1.99745 0.906742 0.402537
45.95 -1.95162 0.926501 0.387807
46 -1.90482 0.945516 0.37278
46.05 -1.85708 0.963773 0.357468
46.1 -1.80845 0.981257 0.341879
46.15 -1.75897 0.997955 0.326022
46.2 -1.70867 1.01385 0.309909
46.25 -1.6576 1.02894 0.293548
46.3 -1.60579 1.0432 0.27695
46.35 -1.55329 1.05663 0.260126
46.4 -1.50015 1.06921 0.243086
46.45 -1.44639 1.08093 0.22584
46.5 -1.39207 1.09179 0.2084
46.55 -1.33723 1.10177 0.190777
46.6 -1.28191 1.11086 0.172982
46.65 -1.22616 1.11906 0.155025
46.7 -1.17002 1.12636 0.136918
46.75 -1.11354 1.13275 0.118674
46.8 -1.05676 1.13822 0.100302
46.85 -0.999729 1.14278 0.0818158
46.9 -0.942496 1.1464 0.063226
46.95 -0.885105 1.1491 0.0445442
47 -0.827602 1.15085 0.025783
47.05 -0.770035 1.15167 0.00695395
47.1 -0.712451 1.15155 -0.0119302
47.15 -0.654896 1.15047 -0.0308585
47.2 -0.597419 1.14846 -0.0498182
47.25 -0.540066 1.14549 -0.0687975
47.3 -0.482885 1.14158 -0.0877838
47.35 -0.425924 1.13671 -0.106765
47.4 -0.36923 1.1309 -0.12573
47.45 -0.312849 1.12414 -0.144664
47.5 -0.256831 1.11643 -0.163558
47.55 -0.201221 1.10778 -0.182398
47.6 -0.146068 1.09819 -0.201173
47.65 -0.0914171 1.08766 -0.219868
47.7 -0.0373161 1.0762 -0.238475
47.75 0.0161888 1.06381 -0.256978
47.8 0.0690513 1.0505 -0.275368
47.85 0.121225 1.03628 -0.293632
47.9 0.172665 1.02114 -0.311758
47.95 0.223326 1.0051 -0.329735
48 0.273162 0.988169 -0.34755
48.05 0.32213 0.970348 -0.365191
48.1 0.370184 0.951651 -0.382648
48.15 0.417282 0.932085 -0.399909
48.2 0.463381 0.911662 -0.416963
48.25 0.508436 0.890391 -0.433798
48.3 0.552408 0.868284 -0.450404
48.35 0.595253 0.845353 -0.466769
48.4 0.636932 0.82161 -0.482882
48.45 0.677403 0.797067 -0.498734
48.5 0.716628 0.771739 -0.514312
48.55 0.754567 0.745639 -0.529608
48.6 0.791182 0.718782 -0.544611
48.65 0.826436 0.691182 -0.559311
48.7 0.860291 0.662855 -0.573698
48.75 0.892712 0.633816 -0.587761
48.8 0.923664 0.604082 -0.601494
48.85 0.953112 0.573671 -0.614884
48.9 0.981023 0.542599 -0.627924
48.95 1.00736 0.510883 -0.640606
49 1.0321 0.478543 -0.652919
49.05 1.05521 0.445596 -0.664857
49.1 1.07666 0.412062 -0.676409
49.15 1.09641 0.377961 -0.687569
49.2 1.11445 0.343311 -0.69833
49.25 1.13074 0.308134 -0.708683
49.3 1.14526 0.272449 -0.718621
49.35 1.15798 0.236278 -0.728137
49.4 1.16888 0.199641 -0.737225
49.45 1.17794 0.162561 -0.745878
49.5 1.18513 0.12506 -0.754091
49.55 1.19044 0.0871591 -0.761856
49.6 1.19385 0.0488812 -0.769169
49.65 1.19533 0.0102491 -0.776024
49.7 1.19487 -0.0287142 -0.782416
49.75 1.19246 -0.0679853 -0.788341
49.8 1.18807 -0.107541 -0.793792
49.85 1.1817 -0.147357 -0.798769
49.9 1.17333 -0.18741 -0.803264
49.95 1.16296 -0.227676 -0.807276
50 1.15057 -0.26813 -0.8108
